0.001 32 32 4 8 2 0.2
0.001 32 32 4 8 3 0.2
0.001 32 32 4 8 4 0.2
0.001 32 32 4 128 2 0.2
0.001 32 32 4 128 3 0.2
0.001 32 32 4 128 4 0.2
0.001 32 32 12 8 2 0.2
0.001 32 32 12 8 3 0.2
0.001 32 32 12 8 4 0.2
0.001 32 32 12 128 2 0.2
0.001 32 32 12 128 3 0.2
0.001 32 32 12 128 4 0.2
0.001 32 128 4 8 2 0.2
0.001 32 128 4 8 3 0.2
0.001 32 128 4 8 4 0.2
0.001 32 128 4 128 2 0.2
0.001 32 128 4 128 3 0.2
0.001 32 128 4 128 4 0.2
0.001 32 128 12 8 2 0.2
0.001 32 128 12 8 3 0.2
0.001 32 128 12 8 4 0.2
0.001 32 128 12 128 2 0.2
0.001 32 128 12 128 3 0.2
0.001 32 128 12 128 4 0.2
0.001 64 32 4 8 2 0.2
0.001 64 32 4 8 3 0.2
0.001 64 32 4 8 4 0.2
0.001 64 32 4 128 2 0.2
0.001 64 32 4 128 3 0.2
0.001 64 32 4 128 4 0.2
0.001 64 32 12 8 2 0.2
0.001 64 32 12 8 3 0.2
0.001 64 32 12 8 4 0.2
0.001 64 32 12 128 2 0.2
0.001 64 32 12 128 3 0.2
0.001 64 32 12 128 4 0.2
0.001 64 128 4 8 2 0.2
0.001 64 128 4 8 3 0.2
0.001 64 128 4 8 4 0.2
0.001 64 128 4 128 2 0.2
0.001 64 128 4 128 3 0.2
0.001 64 128 4 128 4 0.2
0.001 64 128 12 8 2 0.2
0.001 64 128 12 8 3 0.2
0.001 64 128 12 8 4 0.2
0.001 64 128 12 128 2 0.2
0.001 64 128 12 128 3 0.2
0.001 64 128 12 128 4 0.2
0.01 32 32 4 8 2 0.2
0.01 32 32 4 8 3 0.2
0.01 32 32 4 8 4 0.2
0.01 32 32 4 128 2 0.2
0.01 32 32 4 128 3 0.2
0.01 32 32 4 128 4 0.2
0.01 32 32 12 8 2 0.2
0.01 32 32 12 8 3 0.2
0.01 32 32 12 8 4 0.2
0.01 32 32 12 128 2 0.2
0.01 32 32 12 128 3 0.2
0.01 32 32 12 128 4 0.2
0.01 32 128 4 8 2 0.2
0.01 32 128 4 8 3 0.2
0.01 32 128 4 8 4 0.2
0.01 32 128 4 128 2 0.2
0.01 32 128 4 128 3 0.2
0.01 32 128 4 128 4 0.2
0.01 32 128 12 8 2 0.2
0.01 32 128 12 8 3 0.2
0.01 32 128 12 8 4 0.2
0.01 32 128 12 128 2 0.2
0.01 32 128 12 128 3 0.2
0.01 32 128 12 128 4 0.2
0.01 64 32 4 8 2 0.2
0.01 64 32 4 8 3 0.2
0.01 64 32 4 8 4 0.2
0.01 64 32 4 128 2 0.2
0.01 64 32 4 128 3 0.2
0.01 64 32 4 128 4 0.2
0.01 64 32 12 8 2 0.2
0.01 64 32 12 8 3 0.2
0.01 64 32 12 8 4 0.2
0.01 64 32 12 128 2 0.2
0.01 64 32 12 128 3 0.2
0.01 64 32 12 128 4 0.2
0.01 64 128 4 8 2 0.2
0.01 64 128 4 8 3 0.2
0.01 64 128 4 8 4 0.2
0.01 64 128 4 128 2 0.2
0.01 64 128 4 128 3 0.2
0.01 64 128 4 128 4 0.2
0.01 64 128 12 8 2 0.2
0.01 64 128 12 8 3 0.2
0.01 64 128 12 8 4 0.2
0.01 64 128 12 128 2 0.2
0.01 64 128 12 128 3 0.2
0.01 64 128 12 128 4 0.2
0.0001 32 32 4 8 2 0.2
0.0001 32 32 4 8 3 0.2
0.0001 32 32 4 8 4 0.2
0.0001 32 32 4 128 2 0.2
0.0001 32 32 4 128 3 0.2
0.0001 32 32 4 128 4 0.2
0.0001 32 32 12 8 2 0.2
0.0001 32 32 12 8 3 0.2
0.0001 32 32 12 8 4 0.2
0.0001 32 32 12 128 2 0.2
0.0001 32 32 12 128 3 0.2
0.0001 32 32 12 128 4 0.2
0.0001 32 128 4 8 2 0.2
0.0001 32 128 4 8 3 0.2
0.0001 32 128 4 8 4 0.2
0.0001 32 128 4 128 2 0.2
0.0001 32 128 4 128 3 0.2
0.0001 32 128 4 128 4 0.2
0.0001 32 128 12 8 2 0.2
0.0001 32 128 12 8 3 0.2
0.0001 32 128 12 8 4 0.2
0.0001 32 128 12 128 2 0.2
0.0001 32 128 12 128 3 0.2
0.0001 32 128 12 128 4 0.2
0.0001 64 32 4 8 2 0.2
0.0001 64 32 4 8 3 0.2
0.0001 64 32 4 8 4 0.2
0.0001 64 32 4 128 2 0.2
0.0001 64 32 4 128 3 0.2
0.0001 64 32 4 128 4 0.2
0.0001 64 32 12 8 2 0.2
0.0001 64 32 12 8 3 0.2
0.0001 64 32 12 8 4 0.2
0.0001 64 32 12 128 2 0.2
0.0001 64 32 12 128 3 0.2
0.0001 64 32 12 128 4 0.2
0.0001 64 128 4 8 2 0.2
0.0001 64 128 4 8 3 0.2
0.0001 64 128 4 8 4 0.2
0.0001 64 128 4 128 2 0.2
0.0001 64 128 4 128 3 0.2
0.0001 64 128 4 128 4 0.2
0.0001 64 128 12 8 2 0.2
0.0001 64 128 12 8 3 0.2
0.0001 64 128 12 8 4 0.2
0.0001 64 128 12 128 2 0.2
0.0001 64 128 12 128 3 0.2
0.0001 64 128 12 128 4 0.2
