0.001 64 64 64 0.02 16
0.001 64 64 64 0.04 16
0.001 64 64 64 0.06 16
0.001 64 64 64 0.08 16  
0.001 64 64 64 0.1 16
0.001 64 64 64 0.12 16 
0.001 64 64 64 0.14 16 
0.001 64 64 64 0.16 16 
0.001 64 64 64 0.18 16
0.001 64 64 64 0.2 16 
0.002 64 64 64 0.02 16
0.002 64 64 64 0.04 16
0.002 64 64 64 0.06 16
0.002 64 64 64 0.08 16  
0.002 64 64 64 0.1 16
0.002 64 64 64 0.12 16 
0.002 64 64 64 0.14 16 
0.002 64 64 64 0.16 16 
0.002 64 64 64 0.18 16
0.002 64 64 64 0.2 16
0.0005 64 64 64 0.02 16
0.0005 64 64 64 0.04 16
0.0005 64 64 64 0.06 16
0.0005 64 64 64 0.08 16  
0.0005 64 64 64 0.1 16
0.0005 64 64 64 0.12 16 
0.0005 64 64 64 0.14 16 
0.0005 64 64 64 0.16 16 
0.0005 64 64 64 0.18 16
0.0005 64 64 64 0.2 16