0.0005 64 128 3 4 16 16
0.0005 64 128 3 4 16 32
0.0005 64 128 3 4 16 64
0.0005 64 128 3 4 64 16
0.0005 64 128 3 4 64 32
0.0005 64 128 3 4 64 64
0.0005 64 128 3 4 512 16
0.0005 64 128 3 4 512 32
0.0005 64 128 3 4 512 64
0.0005 64 128 3 16 16 16
0.0005 64 128 3 16 16 32
0.0005 64 128 3 16 16 64
0.0005 64 128 3 16 64 16
0.0005 64 128 3 16 64 32
0.0005 64 128 3 16 64 64
0.0005 64 128 3 16 512 16
0.0005 64 128 3 16 512 32
0.0005 64 128 3 16 512 64
0.0005 64 128 5 4 16 16
0.0005 64 128 5 4 16 32
0.0005 64 128 5 4 16 64
0.0005 64 128 5 4 64 16
0.0005 64 128 5 4 64 32
0.0005 64 128 5 4 64 64
0.0005 64 128 5 4 512 16
0.0005 64 128 5 4 512 32
0.0005 64 128 5 4 512 64
0.0005 64 128 5 16 16 16
0.0005 64 128 5 16 16 32
0.0005 64 128 5 16 16 64
0.0005 64 128 5 16 64 16
0.0005 64 128 5 16 64 32
0.0005 64 128 5 16 64 64
0.0005 64 128 5 16 512 16
0.0005 64 128 5 16 512 32
0.0005 64 128 5 16 512 64
