0.001 32 32 24 0.1 8 1
0.001 32 32 24 0.1 8 8
0.001 32 32 24 0.1 128 1
0.001 32 32 24 0.1 128 8
0.001 32 32 48 0.1 8 1
0.001 32 32 48 0.1 8 8
0.001 32 32 48 0.1 128 1
0.001 32 32 48 0.1 128 8
0.001 32 32 64 0.1 8 1
0.001 32 32 64 0.1 8 8
0.001 32 32 64 0.1 128 1
0.001 32 32 64 0.1 128 8
0.001 32 64 24 0.1 8 1
0.001 32 64 24 0.1 8 8
0.001 32 64 24 0.1 128 1
0.001 32 64 24 0.1 128 8
0.001 32 64 48 0.1 8 1
0.001 32 64 48 0.1 8 8
0.001 32 64 48 0.1 128 1
0.001 32 64 48 0.1 128 8
0.001 32 64 64 0.1 8 1
0.001 32 64 64 0.1 8 8
0.001 32 64 64 0.1 128 1
0.001 32 64 64 0.1 128 8
0.001 32 128 24 0.1 8 1
0.001 32 128 24 0.1 8 8
0.001 32 128 24 0.1 128 1
0.001 32 128 24 0.1 128 8
0.001 32 128 48 0.1 8 1
0.001 32 128 48 0.1 8 8
0.001 32 128 48 0.1 128 1
0.001 32 128 48 0.1 128 8
0.001 32 128 64 0.1 8 1
0.001 32 128 64 0.1 8 8
0.001 32 128 64 0.1 128 1
0.001 32 128 64 0.1 128 8
0.001 64 32 24 0.1 8 1
0.001 64 32 24 0.1 8 8
0.001 64 32 24 0.1 128 1
0.001 64 32 24 0.1 128 8
0.001 64 32 48 0.1 8 1
0.001 64 32 48 0.1 8 8
0.001 64 32 48 0.1 128 1
0.001 64 32 48 0.1 128 8
0.001 64 32 64 0.1 8 1
0.001 64 32 64 0.1 8 8
0.001 64 32 64 0.1 128 1
0.001 64 32 64 0.1 128 8
0.001 64 64 24 0.1 8 1
0.001 64 64 24 0.1 8 8
0.001 64 64 24 0.1 128 1
0.001 64 64 24 0.1 128 8
0.001 64 64 48 0.1 8 1
0.001 64 64 48 0.1 8 8
0.001 64 64 48 0.1 128 1
0.001 64 64 48 0.1 128 8
0.001 64 64 64 0.1 8 1
0.001 64 64 64 0.1 8 8
0.001 64 64 64 0.1 128 1
0.001 64 64 64 0.1 128 8
0.001 64 128 24 0.1 8 1
0.001 64 128 24 0.1 8 8
0.001 64 128 24 0.1 128 1
0.001 64 128 24 0.1 128 8
0.001 64 128 48 0.1 8 1
0.001 64 128 48 0.1 8 8
0.001 64 128 48 0.1 128 1
0.001 64 128 48 0.1 128 8
0.001 64 128 64 0.1 8 1
0.001 64 128 64 0.1 8 8
0.001 64 128 64 0.1 128 1
0.001 64 128 64 0.1 128 8
