0.001 32 32 24 0.1 8 4
0.001 32 32 24 0.1 8 8
0.001 32 32 24 0.1 128 4
0.001 32 32 24 0.1 128 8
0.001 32 32 64 0.1 8 4
0.001 32 32 64 0.1 8 8
0.001 32 32 64 0.1 128 4
0.001 32 32 64 0.1 128 8
0.001 32 128 24 0.1 8 4
0.001 32 128 24 0.1 8 8
0.001 32 128 24 0.1 128 4
0.001 32 128 24 0.1 128 8
0.001 32 128 64 0.1 8 4
0.001 32 128 64 0.1 8 8
0.001 32 128 64 0.1 128 4
0.001 32 128 64 0.1 128 8
0.001 64 32 24 0.1 8 4
0.001 64 32 24 0.1 8 8
0.001 64 32 24 0.1 128 4
0.001 64 32 24 0.1 128 8
0.001 64 32 64 0.1 8 4
0.001 64 32 64 0.1 8 8
0.001 64 32 64 0.1 128 4
0.001 64 32 64 0.1 128 8
0.001 64 128 24 0.1 8 4
0.001 64 128 24 0.1 8 8
0.001 64 128 24 0.1 128 4
0.001 64 128 24 0.1 128 8
0.001 64 128 64 0.1 8 4
0.001 64 128 64 0.1 8 8
0.001 64 128 64 0.1 128 4
0.001 64 128 64 0.1 128 8
0.005 32 32 24 0.1 8 4
0.005 32 32 24 0.1 8 8
0.005 32 32 24 0.1 128 4
0.005 32 32 24 0.1 128 8
0.005 32 32 64 0.1 8 4
0.005 32 32 64 0.1 8 8
0.005 32 32 64 0.1 128 4
0.005 32 32 64 0.1 128 8
0.005 32 128 24 0.1 8 4
0.005 32 128 24 0.1 8 8
0.005 32 128 24 0.1 128 4
0.005 32 128 24 0.1 128 8
0.005 32 128 64 0.1 8 4
0.005 32 128 64 0.1 8 8
0.005 32 128 64 0.1 128 4
0.005 32 128 64 0.1 128 8
0.005 64 32 24 0.1 8 4
0.005 64 32 24 0.1 8 8
0.005 64 32 24 0.1 128 4
0.005 64 32 24 0.1 128 8
0.005 64 32 64 0.1 8 4
0.005 64 32 64 0.1 8 8
0.005 64 32 64 0.1 128 4
0.005 64 32 64 0.1 128 8
0.005 64 128 24 0.1 8 4
0.005 64 128 24 0.1 8 8
0.005 64 128 24 0.1 128 4
0.005 64 128 24 0.1 128 8
0.005 64 128 64 0.1 8 4
0.005 64 128 64 0.1 8 8
0.005 64 128 64 0.1 128 4
0.005 64 128 64 0.1 128 8